0.000000000000000000e+00 1.000000000000000000e+02
1.000000000000000000e+01 9.850000000000000000e+01
2.000000000000000000e+01 9.129999999999999716e+01
2.500000000000000000e+01 8.890000000000000568e+01
2.999999999999999645e+01 8.329999999999999716e+01
3.500000000000000000e+01 7.650000000000000000e+01
4.000000000000000000e+01 7.079999999999999716e+01
5.000000000000000000e+01 5.310000000000000142e+01
5.999999999999999289e+01 3.279999999999999716e+01
7.000000000000000000e+01 1.639999999999999858e+01
8.000000000000000000e+01 4.799999999999999822e+00
9.000000000000000000e+01 0.000000000000000000e+00
