0.000000000000000000e+00 1.000000000000000000e+02
1.000000000000000000e+01 1.000000000000000000e+02
2.000000000000000000e+01 1.000000000000000000e+02
2.500000000000000000e+01 1.000000000000000000e+02
2.999999999999999645e+01 1.000000000000000000e+02
3.500000000000000000e+01 9.309999999999999432e+01
4.000000000000000000e+01 8.320000000000000284e+01
5.000000000000000000e+01 6.750000000000000000e+01
5.999999999999999289e+01 4.889999999999999858e+01
7.000000000000000000e+01 3.270000000000000284e+01
8.000000000000000000e+01 1.669999999999999929e+01
9.000000000000000000e+01 2.999999999999999889e-01
