2.000000000000000000e+02 0.000000000000000000e+00
3.000000000000000000e+02 0.000000000000000000e+00
4.000000000000000000e+02 0.000000000000000000e+00
4.500000000000000000e+02 0.000000000000000000e+00
5.000000000000000000e+02 0.000000000000000000e+00
5.500000000000000000e+02 1.500000000000000000e+01
6.000000000000000000e+02 9.000000000000000000e+01
8.000000000000000000e+02 1.000000000000000000e+02
9.000000000000000000e+02 1.000000000000000000e+02
1.000000000000000000e+03 1.000000000000000000e+02
