1.000000000000000000e+02 1.432612895965576172e+00
2.000000000000000000e+02 1.195019140243530309e+01
3.000000000000000000e+02 3.850432720184326030e+01
4.000000000000000000e+02 9.547139983177184774e+01
5.000000000000000000e+02 1.596084675788879395e+02
6.000000000000000000e+02 2.578934173583984375e+02
7.000000000000000000e+02 4.369850860118866080e+02
8.000000000000000000e+02 6.918175599098206021e+02
9.000000000000000000e+02 9.586837544441223145e+02
1.000000000000000000e+03 1.285228893184661956e+03
