0.000000000000000000e+00 1.000000000000000000e+02
1.000000000000000000e+01 8.888888888888888573e+01
2.000000000000000000e+01 7.777777777777778567e+01
2.999999999999999645e+01 6.666666666666667140e+01
4.000000000000000000e+01 5.555555555555555713e+01
4.500000000000000000e+01 5.000000000000000000e+01
5.000000000000000000e+01 4.444444444444444287e+01
5.999999999999999289e+01 3.333333333333333570e+01
7.000000000000000000e+01 2.222222222222222143e+01
8.000000000000000000e+01 1.111111111111111605e+01
9.000000000000000000e+01 0.000000000000000000e+00
