0.000000000000000000e+00 1.000000000000000000e+02
1.000000000000000000e+01 8.740000000000000568e+01
2.000000000000000000e+01 7.870000000000000284e+01
2.999999999999999645e+01 6.790000000000000568e+01
4.000000000000000000e+01 5.700000000000000000e+01
4.500000000000000000e+01 4.760000000000000142e+01
5.000000000000000000e+01 4.360000000000000142e+01
5.999999999999999289e+01 3.169999999999999929e+01
7.000000000000000000e+01 2.350000000000000000e+01
8.000000000000000000e+01 1.050000000000000000e+01
9.000000000000000000e+01 2.000000000000000111e-01
