2.000000000000000000e+02 0.000000000000000000e+00
2.500000000000000000e+02 0.000000000000000000e+00
3.000000000000000000e+02 0.000000000000000000e+00
3.500000000000000000e+02 0.000000000000000000e+00
4.000000000000000000e+02 0.000000000000000000e+00
4.500000000000000000e+02 3.500000000000000000e+01
5.000000000000000000e+02 9.000000000000000000e+01
5.500000000000000000e+02 1.000000000000000000e+02
6.000000000000000000e+02 1.000000000000000000e+02
6.500000000000000000e+02 1.000000000000000000e+02
7.000000000000000000e+02 1.000000000000000000e+02
