1.000000000000000000e+02 1.583054876327514737e+00
2.000000000000000000e+02 1.441055102348327566e+01
3.000000000000000000e+02 4.603743534088134481e+01
4.000000000000000000e+02 1.082700249195098934e+02
5.000000000000000000e+02 2.008288471221923714e+02
6.000000000000000000e+02 3.587922480583191032e+02
7.000000000000000000e+02 5.217046895503997348e+02
8.000000000000000000e+02 7.901273617744445801e+02
9.000000000000000000e+02 1.096339754533767746e+03
1.000000000000000000e+03 1.475212672042846634e+03
