2.000000000000000000e+02 0.000000000000000000e+00
3.000000000000000000e+02 0.000000000000000000e+00
4.000000000000000000e+02 0.000000000000000000e+00
4.500000000000000000e+02 0.000000000000000000e+00
5.000000000000000000e+02 0.000000000000000000e+00
5.500000000000000000e+02 0.000000000000000000e+00
6.000000000000000000e+02 6.038355697179340353e+01
6.500000000000000000e+02 9.755136418400557830e+01
7.000000000000000000e+02 9.996503415691630323e+01
8.000000000000000000e+02 9.999999973615821602e+01
8.500000000000000000e+02 9.999999999979452525e+01
9.000000000000000000e+02 9.999999999999992895e+01
1.000000000000000000e+03 1.000000000000000000e+02
1.100000000000000000e+03 1.000000000000000000e+02
1.200000000000000000e+03 1.000000000000000000e+02
