2.000000000000000000e+02 0.000000000000000000e+00
3.000000000000000000e+02 0.000000000000000000e+00
4.000000000000000000e+02 0.000000000000000000e+00
4.500000000000000000e+02 0.000000000000000000e+00
5.000000000000000000e+02 0.000000000000000000e+00
5.500000000000000000e+02 0.000000000000000000e+00
6.000000000000000000e+02 0.000000000000000000e+00
6.500000000000000000e+02 0.000000000000000000e+00
7.000000000000000000e+02 2.485227069247140008e+01
8.000000000000000000e+02 9.816843611112658152e+01
8.500000000000000000e+02 9.991893280277272993e+01
9.000000000000000000e+02 9.999813355308864971e+01
1.000000000000000000e+03 9.999999979388464055e+01
1.100000000000000000e+03 9.999999999999548095e+01
1.200000000000000000e+03 1.000000000000000000e+02
