2.000000000000000000e+02 0.000000000000000000e+00
3.000000000000000000e+02 0.000000000000000000e+00
4.000000000000000000e+02 0.000000000000000000e+00
4.500000000000000000e+02 0.000000000000000000e+00
5.000000000000000000e+02 0.000000000000000000e+00
5.500000000000000000e+02 0.000000000000000000e+00
6.000000000000000000e+02 0.000000000000000000e+00
6.500000000000000000e+02 0.000000000000000000e+00
7.000000000000000000e+02 0.000000000000000000e+00
8.000000000000000000e+02 0.000000000000000000e+00
8.500000000000000000e+02 3.076384985461924160e+01
9.000000000000000000e+02 7.506477912227038019e+01
1.000000000000000000e+03 9.932620530009145909e+01
1.100000000000000000e+03 9.999638297184253588e+01
1.200000000000000000e+03 9.999999422225147327e+01
